0.816550 -1.062830 1.481521
-0.541529 -0.248096 0.536611
1.488851 -0.102491 -0.972813
-3.884444 2.991920 0.718101
1.651206 -2.500916 -1.578639
0.003669 1.702266 -0.499278
2.288313 -1.679319 -1.350994
-1.136172 1.335016 -0.041416
2.283105 0.187139 0.170094
-3.147183 0.682847 0.834188
-0.689079 1.584459 0.814459
1.811618 2.496002 -1.211469
0.216009 0.440903 0.457823
4.141265 1.131982 -1.981113
0.062600 -2.593967 -0.570811
-1.553921 0.763064 -0.968322
1.308415 1.372856 0.456670
-2.504217 -1.428289 -1.174795
-0.949584 0.749512 -0.386819
-0.061510 1.979887 1.677160
-1.687427 0.878159 -0.466582
-0.361130 2.790595 -5.157708
3.517109 -0.979095 -0.633007
1.220612 -0.360414 -0.199689
1.219759 1.906742 -2.604320
3.477686 1.393111 -2.996464
1.094621 1.068438 -0.195649
-6.172192 3.288222 -0.735636
0.284974 0.255052 0.329122
1.705931 1.469101 1.410991
0.138291 0.307241 -2.780289
-1.012762 2.414382 -1.141936
-0.597152 1.915022 -2.851543
-0.886604 1.504382 -0.018735
0.872247 1.494147 -0.161188
2.361619 -0.352914 -1.810630
2.121025 -1.218945 0.516368
-2.963046 0.219252 0.297590
-0.353222 0.684463 0.178931
-3.149733 1.081530 -0.316110
-0.430297 -0.069899 -2.182790
0.755620 -1.949705 -0.318073
-0.830214 0.482089 0.202222
1.175421 1.414923 -0.738068
1.413574 4.279698 0.107876
-1.666283 -2.611786 2.343285
-3.005712 3.096446 0.381199
-0.657852 2.216873 -2.472843
2.038299 0.091823 0.214008
1.704664 0.789160 3.097631
0.859345 2.379743 -1.821028
-0.098200 3.351774 -2.394013
-3.678218 0.422357 -2.535843
0.578848 1.929737 -2.288352
-0.554609 -0.586903 -2.488989
0.391418 2.089072 -0.676982
1.649741 2.711504 -1.125761
-0.953672 -0.624928 -3.146135
0.241939 0.613720 2.678342
0.211784 -1.441207 1.464684
-3.720194 -1.333995 -0.370288
-0.025551 3.203853 -3.510723
-2.070708 -0.025137 -1.717943
-2.469549 1.362682 -2.026909
-2.551512 -0.552923 0.912793
-0.747466 0.720903 0.540066
0.499483 -0.821319 -1.553497
-1.073860 1.271929 -1.989790
1.831874 -0.370899 -1.908681
0.124496 4.309532 0.364795
0.888684 0.053579 0.808165
3.650791 3.528669 0.758734
1.297626 -0.170038 -0.237436
1.193334 0.520835 2.333389
0.712226 2.542850 -0.607927
-3.600272 0.328161 -1.150874
1.950957 1.428010 -0.790124
0.517855 0.727896 -2.282530
-2.160998 1.432069 0.006449
4.787118 1.691652 0.157855
-0.477654 1.866862 0.494872
-1.821473 -1.411108 0.998652
2.047187 1.677875 -2.526018
0.511093 4.228198 -3.965745
-2.437142 1.219591 -0.993488
-2.197963 -0.452919 -0.040580
-0.873028 -0.365618 1.649000
0.355858 1.542155 0.500858
0.518005 2.864623 -0.370958
3.279950 0.158652 -0.328528
0.040803 -0.143551 -1.551978
-1.251688 1.307243 0.703494
0.040711 1.959170 -0.387254
-0.477342 0.150457 -1.648543
-4.152599 3.669142 -0.890734
-0.492666 -1.192084 2.096872
-0.614027 0.818548 -0.330989
1.425089 -0.184359 0.831130
0.055218 3.326460 -1.087537
-0.630484 -1.690468 -1.553040
0.912871 2.231683 -1.376800
4.568788 -2.017471 -1.163566
2.478883 2.026688 -0.705037
-3.034044 1.499838 -1.939775
0.297224 2.702290 -1.043906
-0.498055 2.601182 -1.106082
-1.266187 -0.771496 0.725110
1.655075 2.236408 -0.768995
-1.397831 0.407620 2.306103
0.270067 2.315757 -1.732668
0.314666 1.475435 -0.882372
-0.064056 0.704164 -0.537589
2.395422 0.961097 -0.772417
0.752467 1.458186 -0.020251
1.013396 0.698107 -2.855665
-0.083936 -0.464086 -0.281025
0.737041 -0.698664 -1.741017
2.595599 0.376191 -1.793696
-2.317429 0.928316 0.422097
3.633498 3.222106 -0.531761
1.737490 2.868317 -0.409799
-0.343076 5.298012 1.399332
-1.999828 -1.196360 0.052848
-1.870782 -0.058771 -0.823270
-2.488219 1.364973 -2.553484
-2.986736 4.104423 -3.273685
0.962808 -0.181053 1.724070
-0.181262 4.204983 -1.577380
0.335090 0.139613 0.788729
-3.013429 -0.309192 -2.526130
0.682241 -0.645492 -0.424082
0.916159 -0.940799 -0.916404
0.107367 -0.779709 -1.412809
3.346631 0.607461 -2.600122
0.616331 -1.199814 -1.338568
-0.802666 2.713717 1.405208
1.883975 1.760026 -2.665544
2.157460 1.871093 -2.093615
-1.219800 0.583472 0.014288
0.611068 -2.144638 -2.576381
-1.296488 0.812722 -0.524069
0.411102 0.549938 -1.541166
0.776842 0.896888 -1.814090
0.605467 -0.779628 -1.531113
2.435569 -1.164538 -3.702257
2.697492 -0.027723 -1.294948
2.897075 0.063307 -2.184945
1.039165 0.623800 -0.425779
-0.664007 -0.354145 -0.538863
0.483984 -1.112454 -2.253916
-3.004724 1.470530 -0.828333
-0.628890 -0.018839 -0.955068
-0.991257 2.914933 -3.092344
-2.320430 4.594327 -3.579733
-1.993509 1.725833 -0.283961
1.242880 1.453321 -1.420492
-0.868222 -0.209195 1.398163
-0.496103 1.866146 2.379410
-0.482147 1.063716 -0.227761
-2.442799 1.779425 -0.107163
-1.998932 -1.390530 -1.858808
-0.715820 -1.977944 -1.051201
-1.326820 1.173001 -2.234994
-3.855749 2.256974 0.588250
-0.976687 -1.636492 -1.024732
-0.427333 0.713641 -0.793689
-3.593972 -0.736823 -0.093192
1.422910 0.742372 -1.078584
-1.220218 3.996994 -0.603486
1.892683 0.387596 -1.053103
-0.346708 0.166346 1.964277
2.486163 -1.022205 -0.929257
0.627034 1.991759 0.912981
-0.737286 2.308891 -0.982192
0.388994 -0.965372 -2.648083
-0.220196 1.050133 2.644369
2.715014 -0.081197 -1.693936
-1.969448 -0.564317 -2.900541
-0.123511 -1.285162 -1.970109
0.285710 -0.093939 -2.501809
-1.736489 3.091188 1.965248
-1.081821 0.632553 -3.067314
1.138972 1.346549 0.890118
-0.847011 3.369827 0.544340
1.450707 1.890525 -1.086689
1.288564 -1.986143 -0.844286
0.559001 0.346758 -1.000383
1.818850 0.707805 0.381963
0.957000 -0.997216 1.843252
-2.492383 4.512148 -3.364799
0.124965 2.062010 1.579312
0.383297 -1.651583 0.388911
-0.735198 2.937914 1.718537
2.472904 -1.376093 -1.461449
1.349639 0.821920 -2.015787
0.416130 -0.728683 -0.668884
-1.650303 3.547841 0.245180
-0.288490 2.324346 -3.060177
-0.926400 0.962591 -2.914248
-1.828953 2.769040 1.961211
0.051203 1.214501 -0.498692
-0.522200 1.717822 0.645202
0.903868 -2.410863 -0.129107
-0.613878 0.225790 -2.934663
-1.365317 2.828616 -3.259532
0.934849 1.601006 0.514147
-2.728291 0.722900 -2.114286
-1.239059 3.943549 1.221939
-0.783853 1.682082 -0.262596
-0.225249 0.318034 -2.110348
0.297851 -0.455181 0.498221
-0.354830 0.814544 -1.419341
-1.563146 2.381953 -1.500729
1.172560 0.405588 -0.156127
1.326171 -2.811489 -5.496512
0.823893 -1.762423 -2.922709
-1.729291 -2.941813 1.689541
-1.990644 1.326545 0.712936
-2.747269 0.181812 -1.327091
0.365683 3.791585 -0.018394
-1.110552 3.665235 -0.463646
-0.777429 4.064172 -0.535463
-2.532648 4.205697 1.945819
0.612091 1.582816 0.830960
2.076172 -3.494073 -2.237975
1.393168 3.064008 -1.220603
-1.861912 3.508476 -1.482124
-1.795823 1.348924 -0.130933
2.794378 -2.286931 1.250077
0.958144 0.652962 -0.054872
0.454294 1.379441 0.614883
3.019055 0.784007 0.652431
1.233308 -0.003441 -2.319510
2.877806 5.412731 -1.067398
-0.617319 -2.226064 3.593397
-0.235958 1.179699 -0.800066
0.448030 3.576847 1.518997
1.219898 3.539795 -0.387508
-1.880182 1.629098 -4.140688
-0.342791 1.749761 -1.936287
0.512047 4.602396 -4.191187
-0.885366 -0.006209 0.840714
0.031272 1.039488 -3.909484
1.407158 -0.084071 -3.165533
1.065446 0.789738 -3.218576
0.562241 2.161460 -0.741645
0.566491 0.388652 -2.568420
2.903238 2.179520 -2.218875
0.176807 3.069898 -1.481440
-0.090353 1.612598 -1.707215
-3.135756 -0.564575 0.825660
-1.698929 1.609819 0.153514
1.845503 0.604341 -0.368695
-2.623791 0.869644 -1.514520
-1.259919 0.574131 -1.221614
-0.639665 -3.543177 2.664761
1.187427 0.727299 1.392461
0.118518 1.541329 -0.213210
-1.365673 0.885961 -3.456879
-0.242060 0.038097 -1.869347
1.200516 0.575023 -3.198720
-0.454358 5.048839 -2.353974
0.138737 -1.319928 -0.283882
0.354121 1.828705 -0.948764
-0.315999 1.030253 2.558134
-4.385351 1.734069 -2.655292
-0.231531 -0.866117 1.164895
0.989259 1.514503 0.510115
-0.283556 2.194289 2.437411
-0.204870 2.654334 -3.044778
2.546936 0.962661 0.231248
-1.406140 -2.899215 -2.950463
-0.533241 -0.666033 0.161905
0.109783 -0.137604 -1.499460
-0.380694 1.346840 -2.464449
4.577676 0.421937 -1.252028
1.547360 3.231842 -0.426348
-0.130541 0.894089 2.214785
-1.304306 0.410712 -1.954353
-1.046223 4.676434 -0.964830
-1.500406 0.383583 -2.652969
2.756497 1.001017 -1.803727
-2.639144 1.268243 -2.456047
0.018508 0.058214 0.169923
-1.685878 2.417420 -1.200948
-1.196602 2.799524 0.699613
1.068019 -0.363968 -0.963875
1.038087 0.344947 -1.096075
3.435502 1.134906 -0.299239
-1.470528 0.864745 -1.913332
-0.420348 2.917293 -1.061540
-1.662622 -0.089375 -0.534919
0.845866 2.016434 -1.303789
-0.750716 1.075642 -5.103043
-2.758674 -3.229098 -1.455068
-1.424817 0.926789 -1.677700
0.399377 1.569089 0.451543
-1.572497 0.927695 -4.454291
0.187346 -0.020673 -2.706036
-1.794712 4.532840 -2.141001
